
    
⠀⠀⠀⠀⠀⠀⠀⠀⠀⠀⠀⠀⣠⡀⠀⠀⢀⣄
⠀⠀⠀⠀⠀⠀⠀⠀⠀⠀⠀⢸⣿⣿⣤⣤⣿⣿⡇
⠀⠀⠀⠀⠀⠀⠀⠀⠀⠀⢀⣿⣿⣿⣿⣿⣿⣿⣿⡀
⠀⠀⠀⠀⠀⠀⠀⠀⠀⠀⠸⢿⣿⣿⣿⣿⣿⣿⡿⠇
⠀⠀⠀⠀⠀⠀⢀⣀⣠⠀⣶⣤⣄⣉⣉⣉⣉⣠⣤⣶⠀⣄⣀
⠀⠀⠀⣶⣾⣿⣿⣿⣿⣦⣄⣉⣙⣛⣛⣛⣛⣋⣉⣠⣴⣿⣿⣿⣿⣷⣶
⠀⠀⠀⠀⠈⠉⠉⠛⠛⠛⠻⠿⠿⠿⠿⠿⠿⠿⠿⠟⠛⠛⠛⠉⠉
⠀⠀⠀⠀⠀⠀⠀⠀⠀⣷⣆⠀⠀⠀⢠⡄⠀⠀⠀⣰⣾
⠀⠀⠀⢀⣠⣶⣾⣿⡆⠸⣿⣶⣶⣾⣿⣿⣷⣶⣶⣿⠇⢰⣿⣷⣶⣄⡀⠀⠀⠀
⠀⠀⠺⠿⣿⣿⣿⣿⣿⣄⠙⢿⣿⣿⣿⣿⣿⣿⡿⠋⣠⣿⣿⣿⣿⣿⠿⠗⠀⠀
⠀⠀⠀⠀⠀⠙⠻⣿⣿⣿⣷⡄⠈⠙⠛⠛⠋⠁⢠⣾⣿⣿⣿⠟⠋⠀⠀⠀⠀⠀
⠀⠀⠀⠀⠀⣀⣤⣬⣿⣿⣿⣇⠐⣿⣿⣿⣿⠂⣸⣿⣿⣿⣥⣤⣀⠀⠀⠀⠀⠀
⠀⠀⠀⠀⠘⠻⠿⠿⢿⣿⣿⣿⣧⠈⠿⠿⠁⣼⣿⣿⣿⡿⠿⠿⠟⠃⠀⠀⠀⠀
⠀⠀⠀⠀⠀⠀⠀⠀⠀⠀⠉⠛⢿⠀⣶⣦⠀⡿⠛⠉
⠀⠀⠀⠀⠀⠀⠀⠀⠀⠀⠀⠀⠀⠀⠛⠛

You are a spy. Learn a new encryption method and decrypt the message. The success of this mission depends on you.

METHOD: Each number in the message, modulo 433.
        Find the modular inverse of the result.
        Map it to the corresponding ASCII.

MESSAGE: 341, 394, 290, 33, 143, 203, 131, 369, 252, 403, 429, 259, 33, 403, 203, 58, 394, 58, 19, 252, 403, 13, 248, 33, 403, 203, 33, 248, 369, 56, 19, 396, 259, 35, 192, 403, 273, 203, 161, 125, 58, 33, 369, 252, 203, 290, 33, 203, 58, 19, 252, 403, 58, 33, 369, 203, 248, 125, 203, 248, 125, 429, 403, 146, 248, 33, 259, 33, 203, 13, 429, 125, 203, 290, 125, 369, 68, 203, 252, 203, 17, 384, 424, 206, 203, 290, 73, 259, 33, 273, 203, 341, 394, 203, 56, 68, 290, 203, 248, 125, 58, 33, 369, 252, 94, 203, 429, 394, 369, 394, 131, 73, 203, 131, 33, 125, 13, 394, 290, 394, 146, 35, 203, 259, 56, 335, 19, 125, 203, 248, 33, 35, 203, 248, 33, 403, 203, 394, 252, 248, 125, 35, 252, 125, 273, 341, 394, 290, 33, 143, 203, 131, 369, 252, 403, 429, 259, 33, 403, 203, 58, 394, 58, 19, 252, 403, 13, 248, 33, 403, 203, 33, 248, 369, 56, 19, 396, 259, 35, 192, 403, 273, 203, 161, 125, 58, 33, 369, 252, 203, 290, 33, 203, 58, 19, 252, 403, 58, 33, 369, 203, 248, 125, 203, 248, 125, 429, 403, 146, 248, 33, 259, 33, 203, 13, 429, 125, 203, 290, 125, 369, 68, 203, 252, 203, 17, 384, 424, 206, 203, 290, 73, 259, 33, 273, 203, 341, 394, 203, 56, 68, 290, 203, 248, 125, 58, 33, 369, 252, 94, 203, 429, 394, 369, 394, 131, 73, 203, 131, 33, 125, 13, 394, 290, 394, 146, 35, 203, 259, 56, 335, 19, 125, 203, 248, 33, 35, 203, 248, 33, 403, 203, 394, 252, 248, 125, 35, 252, 125, 273, 341, 394, 290, 33, 143, 203, 131, 369, 252, 403, 429, 259, 33, 403, 203, 58, 394, 58, 19, 252, 403, 13, 248, 33, 403, 203, 33, 248, 369, 56, 19, 396, 259, 35, 192, 403, 273, 203, 161, 125, 58, 33, 369, 252, 203, 290, 33, 203, 58, 19, 252, 403, 58, 33, 369, 203, 248, 125, 203, 248, 125, 429, 403, 146, 248, 33, 259, 33, 203, 13, 429, 125, 203, 290, 125, 369, 68, 203, 252, 203, 17, 384, 424, 206, 203, 290, 73, 259, 33, 273, 203, 341, 394, 203, 56, 68, 290, 203, 248, 125, 58, 33, 369, 252, 94, 203, 429, 394, 369, 394, 131, 73, 203, 131, 33, 125, 13, 394, 290, 394, 146, 35, 203, 259, 56, 335, 19, 125, 203, 248, 33, 35, 203, 248, 33, 403, 203, 394, 252, 248, 125, 35, 252, 125, 273, 341, 394, 290, 33, 143, 203, 131, 369, 252, 403, 429, 259, 33, 403, 203, 58, 394, 58, 19, 252, 403, 13, 248, 33, 403, 203, 33, 248, 369, 56, 19, 396, 259, 35, 192, 403, 273, 203, 161, 125, 58, 33, 369, 252, 203, 290, 33, 203, 58, 19, 252, 403, 58, 33, 369, 203, 248, 125, 203, 248, 125, 429, 403, 146, 248, 33, 259, 33, 203, 13, 429, 125, 203, 290, 125, 369, 68, 203, 252, 203, 17, 384, 424, 206, 203, 290, 73, 259, 33, 273, 203, 341, 394, 203, 56, 68, 290, 203, 248, 125, 58, 33, 369, 252, 94, 203, 429, 394, 369, 394, 131, 73, 203, 131, 33, 125, 13, 394, 290, 394, 146, 35, 203, 259, 56, 335, 19, 125, 203, 248, 33, 35, 203, 248, 33, 403, 203, 394, 252, 248, 125, 35, 252, 125, 273, 341, 394, 290, 33, 143, 203, 131, 369, 252, 403, 429, 259, 33, 403, 203, 58, 394, 58, 19, 252, 403, 13, 248, 33, 403, 203, 33, 248, 369, 56, 19, 396, 259, 35, 192, 403, 273, 203, 161, 125, 58, 33, 369, 252, 203, 290, 33, 203, 58, 19, 252, 403, 58, 33, 369, 203, 248, 125, 203, 248, 125, 429, 403, 146, 248, 33, 259, 33, 203, 13, 429, 125, 203, 290, 125, 369, 68, 203, 252, 203, 17, 384, 424, 206, 203, 290, 73, 259, 33, 273, 203, 341, 394, 203, 56, 68, 290, 203, 248, 125, 58, 33, 369, 252, 94, 203, 429, 394, 369, 394, 131, 73, 203, 131, 33, 125, 13, 394, 290, 394, 146, 35, 203, 259, 56, 335, 19, 125, 203, 248, 33, 35, 203, 248, 33, 403, 203, 394, 252, 248, 125, 35, 252, 125, 273, 341, 394, 290, 33, 143, 203, 131, 369, 252, 403, 429, 259, 33, 403, 203, 58, 394, 58, 19, 252, 403, 13, 248, 33, 403, 203, 33, 248, 369, 56, 19, 396, 259, 35, 192, 403, 273, 203, 161, 125, 58, 33, 369, 252, 203, 290, 33, 203, 58, 19, 252, 403, 58, 33, 369, 203, 248, 125, 203, 248, 125, 429, 403, 146, 248, 33, 259, 33, 203, 13, 429, 125, 203, 290, 125, 369, 68, 203, 252, 203, 17, 384, 424, 206, 203, 290, 73, 259, 33, 273, 203, 341, 394, 203, 56, 68, 290, 203, 248, 125, 58, 33, 369, 252, 94, 203, 429, 394, 369, 394, 131, 73, 203, 131, 33, 125, 13, 394, 290, 394, 146, 35, 203, 259, 56, 335, 19, 125, 203, 248, 33, 35, 203, 248, 33, 403, 203, 394, 252, 248, 125, 35, 252, 125, 273, 341, 394, 290, 33, 143, 203, 131, 369, 252, 403, 429, 259, 33, 403, 203, 58, 394, 58, 19, 252, 403, 13, 248, 33, 403, 203, 33, 248, 369, 56, 19, 396, 259, 35, 192, 403, 273, 203, 161, 125, 58, 33, 369, 252, 203, 290, 33, 203, 58, 19, 252, 403, 58, 33, 369, 203, 248, 125, 203, 248, 125, 429, 403, 146, 248, 33, 259, 33, 203, 13, 429, 125, 203, 290, 125, 369, 68, 203, 252, 203, 17, 384, 424, 206, 203, 290, 73, 259, 33, 273, 203, 341, 394, 203, 56, 68, 290, 203, 248, 125, 58, 33, 369, 252, 94, 203, 429, 394, 369, 394, 131, 73, 203, 131, 33, 125, 13, 394, 290, 394, 146, 35, 203, 259, 56, 335, 19, 125, 203, 248, 33, 35, 203, 248, 33, 403, 203, 394, 252, 248, 125, 35, 252, 125, 273, 341, 394, 290, 33, 143, 203, 131, 369, 252, 403, 429, 259, 33, 403, 203, 58, 394, 58, 19, 252, 403, 13, 248, 33, 403, 203, 33, 248, 369, 56, 19, 396, 259, 35, 192, 403, 273, 203, 161, 125, 58, 33, 369, 252, 203, 290, 33, 203, 58, 19, 252, 403, 58, 33, 369, 203, 248, 125, 203, 248, 125, 429, 403, 146, 248, 33, 259, 33, 203, 13, 429, 125, 203, 290, 125, 369, 68, 203, 252, 203, 17, 384, 424, 206, 203, 290, 73, 259, 33, 273, 203, 341, 394, 203, 56, 68, 290, 203, 248, 125, 58, 33, 369, 252, 94, 203, 429, 394, 369, 394, 131, 73, 203, 131, 33, 125, 13, 394, 290, 394, 146, 35, 203, 259, 56, 335, 19, 125, 203, 248, 33, 35, 203, 248, 33, 403, 203, 394, 252, 248, 125, 35, 252, 125, 273, 341, 394, 290, 33, 143, 203, 131, 369, 252, 403, 429, 259, 33, 403, 203, 58, 394, 58, 19, 252, 403, 13, 248, 33, 403, 203, 33, 248, 369, 56, 19, 396, 259, 35, 192, 403, 273, 203, 161, 125, 58, 33, 369, 252, 203, 290, 33, 203, 58, 19, 252, 403, 58, 33, 369, 203, 248, 125, 203, 248, 125, 429, 403, 146, 248, 33, 259, 33, 203, 13, 429, 125, 203, 290, 125, 369, 68, 203, 252, 203, 17, 384, 424, 206, 203, 290, 73, 259, 33, 273, 203, 341, 394, 203, 56, 68, 290, 203, 248, 125, 58, 33, 369, 252, 94, 203, 429, 394, 369, 394, 131, 73, 203, 131, 33, 125, 13, 394, 290, 394, 146, 35, 203, 259, 56, 335, 19, 125, 203, 248, 33, 35, 203, 248, 33, 403, 203, 394, 252, 248, 125, 35, 252, 125, 273, 341, 394, 290, 33, 143, 203, 131, 369, 252, 403, 429, 259, 33, 403, 203, 58, 394, 58, 19, 252, 403, 13, 248, 33, 403, 203, 33, 248, 369, 56, 19, 396, 259, 35, 192, 403, 273, 203, 161, 125, 58, 33, 369, 252, 203, 290, 33, 203, 58, 19, 252, 403, 58, 33, 369, 203, 248, 125, 203, 248, 125, 429, 403, 146, 248, 33, 259, 33, 203, 13, 429, 125, 203, 290, 125, 369, 68, 203, 252, 203, 17, 384, 424, 206, 203, 290, 73, 259, 33, 273, 203, 341, 394, 203, 56, 68, 290, 203, 248, 125, 58, 33, 369, 252, 94, 203, 429, 394, 369, 394, 131, 73, 203, 131, 33, 125, 13, 394, 290, 394, 146, 35, 203, 259, 56, 335, 19, 125, 203, 248, 33, 35, 203, 248, 33, 403, 203, 394, 252, 248, 125, 35, 252, 125, 273, 341, 394, 290, 33, 143, 203, 131, 369, 252, 403, 429, 259, 33, 403, 203, 58, 394, 58, 19, 252, 403, 13, 248, 33, 403, 203, 33, 248, 369, 56, 19, 396, 259, 35, 192, 403, 273, 203, 161, 125, 58, 33, 369, 252, 203, 290, 33, 203, 58, 19, 252, 403, 58, 33, 369, 203, 248, 125, 203, 248, 125, 429, 403, 146, 248, 33, 259, 33, 203, 13, 429, 125, 203, 290, 125, 369, 68, 203, 252, 203, 17, 384, 424, 206, 203, 290, 73, 259, 33, 273, 203, 341, 394, 203, 56, 68, 290, 203, 248, 125, 58, 33, 369, 252, 94, 203, 429, 394, 369, 394, 131, 73, 203, 131, 33, 125, 13, 394, 290, 394, 146, 35, 203, 259, 56, 335, 19, 125, 203, 248, 33, 35, 203, 248, 33, 403, 203, 394, 252, 248, 125, 35, 252, 125, 273, 341, 394, 290, 33, 143, 203, 131, 369, 252, 403, 429, 259, 33, 403, 203, 58, 394, 58, 19, 252, 403, 13, 248, 33, 403, 203, 33, 248, 369, 56, 19, 396, 259, 35, 192, 403, 273, 203, 161, 125, 58, 33, 369, 252, 203, 290, 33, 203, 58, 19, 252, 403, 58, 33, 369, 203, 248, 125, 203, 248, 125, 429, 403, 146, 248, 33, 259, 33, 203, 13, 429, 125, 203, 290, 125, 369, 68, 203, 252, 203, 17, 384, 424, 206, 203, 290, 73, 259, 33, 273, 203, 341, 394, 203, 56, 68, 290, 203, 248, 125, 58, 33, 369, 252, 94, 203, 429, 394, 369, 394, 131, 73, 203, 131, 33, 125, 13, 394, 290, 394, 146, 35, 203, 259, 56, 335, 19, 125, 203, 248, 33, 35, 203, 248, 33, 403, 203, 394, 252, 248, 125, 35, 252, 125, 273, 341, 394, 290, 33, 143, 203, 131, 369, 252, 403, 429, 259, 33, 403, 203, 58, 394, 58, 19, 252, 403, 13, 248, 33, 403, 203, 33, 248, 369, 56, 19, 396, 259, 35, 192, 403, 273, 203, 161, 125, 58, 33, 369, 252, 203, 290, 33, 203, 58, 19, 252, 403, 58, 33, 369, 203, 248, 125, 203, 248, 125, 429, 403, 146, 248, 33, 259, 33, 203, 13, 429, 125, 203, 290, 125, 369, 68, 203, 252, 203, 17, 384, 424, 206, 203, 290, 73, 259, 33, 273, 203, 341, 394, 203, 56, 68, 290, 203, 248, 125, 58, 33, 369, 252, 94, 203, 429, 394, 369, 394, 131, 73, 203, 131, 33, 125, 13, 394, 290, 394, 146, 35, 203, 259, 56, 335, 19, 125, 203, 248, 33, 35, 203, 248, 33, 403, 203, 394, 252, 248, 125, 35, 252, 125, 273, 341, 394, 290, 33, 143, 203, 131, 369, 252, 403, 429, 259, 33, 403, 203, 58, 394, 58, 19, 252, 403, 13, 248, 33, 403, 203, 33, 248, 369, 56, 19, 396, 259, 35, 192, 403, 273, 203, 161, 125, 58, 33, 369, 252, 203, 290, 33, 203, 58, 19, 252, 403, 58, 33, 369, 203, 248, 125, 203, 248, 125, 429, 403, 146, 248, 33, 259, 33, 203, 13, 429, 125, 203, 290, 125, 369, 68, 203, 252, 203, 17, 384, 424, 206, 203, 290, 73, 259, 33, 273, 203, 341, 394, 203, 56, 68, 290, 203, 248, 125, 58, 33, 369, 252, 94, 203, 429, 394, 369, 394, 131, 73, 203, 131, 33, 125, 13, 394, 290, 394, 146, 35, 203, 259, 56, 335, 19, 125, 203, 248, 33, 35, 203, 248, 33, 403, 203, 394, 252, 248, 125, 35, 252, 125, 273, 341, 394, 290, 33, 143, 203, 131, 369, 252, 403, 429, 259, 33, 403, 203, 58, 394, 58, 19, 252, 403, 13, 248, 33, 403, 203, 33, 248, 369, 56, 19, 396, 259, 35, 192, 403, 273, 203, 161, 125, 58, 33, 369, 252, 203, 290, 33, 203, 58, 19, 252, 403, 58, 33, 369, 203, 248, 125, 203, 248, 125, 429, 403, 146, 248, 33, 259, 33, 203, 13, 429, 125, 203, 290, 125, 369, 68, 203, 252, 203, 17, 384, 424, 206, 203, 290, 73, 259, 33, 273, 203, 341, 394, 203, 56, 68, 290, 203, 248, 125, 58, 33, 369, 252, 94, 203, 429, 394, 369, 394, 131, 73, 203, 131, 33, 125, 13, 394, 290, 394, 146, 35, 203, 259, 56, 335, 19, 125, 203, 248, 33, 35, 203, 248, 33, 403, 203, 394, 252, 248, 125, 35, 252, 125, 273, 341, 394, 290, 33, 143, 203, 131, 369, 252, 403, 429, 259, 33, 403, 203, 58, 394, 58, 19, 252, 403, 13, 248, 33, 403, 203, 33, 248, 369, 56, 19, 396, 259, 35, 192, 403, 273, 203, 161, 125, 58, 33, 369, 252, 203, 290, 33, 203, 58, 19, 252, 403, 58, 33, 369, 203, 248, 125, 203, 248, 125, 429, 403, 146, 248, 33, 259, 33, 203, 13, 429, 125, 203, 290, 125, 369, 68, 203, 252, 203, 17, 384, 424, 206, 203, 290, 73, 259, 33, 273, 203, 341, 394, 203, 56, 68, 290, 203, 248, 125, 58, 33, 369, 252, 94, 203, 429, 394, 369, 394, 131, 73, 203, 131, 33, 125, 13, 394, 290, 394, 146, 35, 203, 259, 56, 335, 19, 125, 203, 248, 33, 35, 203, 248, 33, 403, 203, 394, 252, 248, 125, 35, 252, 125, 273, 341, 394, 290, 33, 143, 203, 131, 369, 252, 403, 429, 259, 33, 403, 203, 58, 394, 58, 19, 252, 403, 13, 248, 33, 403, 203, 33, 248, 369, 56, 19, 396, 259, 35, 192, 403, 273, 203, 161, 125, 58, 33, 369, 252, 203, 290, 33, 203, 58, 19, 252, 403, 58, 33, 369, 203, 248, 125, 203, 248, 125, 429, 403, 146, 248, 33, 259, 33, 203, 13, 429, 125, 203, 290, 125, 369, 68, 203, 252, 203, 17, 384, 424, 206, 203, 290, 73, 259, 33, 273, 203, 341, 394, 203, 56, 68, 290, 203, 248, 125, 58, 33, 369, 252, 94, 203, 429, 394, 369, 394, 131, 73, 203, 131, 33, 125, 13, 394, 290, 394, 146, 35, 203, 259, 56, 335, 19, 125, 203, 248, 33, 35, 203, 248, 33, 403, 203, 394, 252, 248, 125, 35, 252, 125, 273, 341, 394, 290, 33, 143, 203, 131, 369, 252, 403, 429, 259, 33, 403, 203, 58, 394, 58, 19, 252, 403, 13, 248, 33, 403, 203, 33, 248, 369, 56, 19, 396, 259, 35, 192, 403, 273, 203, 161, 125, 58, 33, 369, 252, 203, 290, 33, 203, 58, 19, 252, 403, 58, 33, 369, 203, 248, 125, 203, 248, 125, 429, 403, 146, 248, 33, 259, 33, 203, 13, 429, 125, 203, 290, 125, 369, 68, 203, 252, 203, 17, 384, 424, 206, 203, 290, 73, 259, 33, 273, 203, 341, 394, 203, 56, 68, 290, 203, 248, 125, 58, 33, 369, 252, 94, 203, 429, 394, 369, 394, 131, 73, 203, 131, 33, 125, 13, 394, 290, 394, 146, 35, 203, 259, 56, 335, 19, 125, 203, 248, 33, 35, 203, 248, 33, 403, 203, 394, 252, 248, 125, 35, 252, 125, 273, 341, 394, 290, 33, 143, 203, 131, 369, 252, 403, 429, 259, 33, 403, 203, 58, 394, 58, 19, 252, 403, 13, 248, 33, 403, 203, 33, 248, 369, 56, 19, 396, 259, 35, 192, 403, 273, 203, 161, 125, 58, 33, 369, 252, 203, 290, 33, 203, 58, 19, 252, 403, 58, 33, 369, 203, 248, 125, 203, 248, 125, 429, 403, 146, 248, 33, 259, 33, 203, 13, 429, 125, 203, 290, 125, 369, 68, 203, 252, 203, 17, 384, 424, 206, 203, 290, 73, 259, 33, 273, 203, 341, 394, 203, 56, 68, 290, 203, 248, 125, 58, 33, 369, 252, 94, 203, 429, 394, 369, 394, 131, 73, 203, 131, 33, 125, 13, 394, 290, 394, 146, 35, 203, 259, 56, 335, 19, 125, 203, 248, 33, 35, 203, 248, 33, 403, 203, 394, 252, 248, 125, 35, 252, 125, 273, 341, 394, 290, 33, 143, 203, 131, 369, 252, 403, 429, 259, 33, 403, 203, 58, 394, 58, 19, 252, 403, 13, 248, 33, 403, 203, 33, 248, 369, 56, 19, 396, 259, 35, 192, 403, 273, 203, 161, 125, 58, 33, 369, 252, 203, 290, 33, 203, 58, 19, 252, 403, 58, 33, 369, 203, 248, 125, 203, 248, 125, 429, 403, 146, 248, 33, 259, 33, 203, 13, 429, 125, 203, 290, 125, 369, 68, 203, 252, 203, 17, 384, 424, 206, 203, 290, 73, 259, 33, 273, 203, 341, 394, 203, 56, 68, 290, 203, 248, 125, 58, 33, 369, 252, 94, 203, 429, 394, 369, 394, 131, 73, 203, 131, 33, 125, 13, 394, 290, 394, 146, 35, 203, 259, 56, 335, 19, 125, 203, 248, 33, 35, 203, 248, 33, 403, 203, 394, 252, 248, 125, 35, 252, 125, 273, 341, 394, 290, 33, 143, 203, 131, 369, 252, 403, 429, 259, 33, 403, 203, 58, 394, 58, 19, 252, 403, 13, 248, 33, 403, 203, 33, 248, 369, 56, 19, 396, 259, 35, 192, 403, 273, 203, 161, 125, 58, 33, 369, 252, 203, 290, 33, 203, 58, 19, 252, 403, 58, 33, 369, 203, 248, 125, 203, 248, 125, 429, 403, 146, 248, 33, 259, 33, 203, 13, 429, 125, 203, 290, 125, 369, 68, 203, 252, 203, 17, 384, 424, 206, 203, 290, 73, 259, 33, 273, 203, 341, 394, 203, 56, 68, 290, 203, 248, 125, 58, 33, 369, 252, 94, 203, 429, 394, 369, 394, 131, 73, 203, 131, 33, 125, 13, 394, 290, 394, 146, 35, 203, 259, 56, 335, 19, 125, 203, 248, 33, 35, 203, 248, 33, 403, 203, 394, 252, 248, 125, 35, 252, 125, 273, 341, 394, 290, 33, 143, 203, 131, 369, 252, 403, 429, 259, 33, 403, 203, 58, 394, 58, 19, 252, 403, 13, 248, 33, 403, 203, 33, 248, 369, 56, 19, 396, 259, 35, 192, 403, 273, 203, 161, 125, 58, 33, 369, 252, 203, 290, 33, 203, 58, 19, 252, 403, 58, 33, 369, 203, 248, 125, 203, 248, 125, 429, 403, 146, 248, 33, 259, 33, 203, 13, 429, 125, 203, 290, 125, 369, 68, 203, 252, 203, 17, 384, 424, 206, 203, 290, 73, 259, 33, 273, 203, 341, 394, 203, 56, 68, 290, 203, 248, 125, 58, 33, 369, 252, 94, 203, 429, 394, 369, 394, 131, 73, 203, 131, 33, 125, 13, 394, 290, 394, 146, 35, 203, 259, 56, 335, 19, 125, 203, 248, 33, 35, 203, 248, 33, 403, 203, 394, 252, 248, 125, 35, 252, 125, 273, 341, 394, 290, 33, 143, 203, 131, 369, 252, 403, 429, 259, 33, 403, 203, 58, 394, 58, 19, 252, 403, 13, 248, 33, 403, 203, 33, 248, 369, 56, 19, 396, 259, 35, 192, 403, 273, 203, 161, 125, 58, 33, 369, 252, 203, 290, 33, 203, 58, 19, 252, 403, 58, 33, 369, 203, 248, 125, 203, 248, 125, 429, 403, 146, 248, 33, 259, 33, 203, 13, 429, 125, 203, 290, 125, 369, 68, 203, 252, 203, 17, 384, 424, 206, 203, 290, 73, 259, 33, 273, 203, 341, 394, 203, 56, 68, 290, 203, 248, 125, 58, 33, 369, 252, 94, 203, 429, 394, 369, 394, 131, 73, 203, 131, 33, 125, 13, 394, 290, 394, 146, 35, 203, 259, 56, 335, 19, 125, 203, 248, 33, 35, 203, 248, 33, 403, 203, 394, 252, 248, 125, 35, 252, 125, 273, 341, 394, 290, 33, 143, 203, 131, 369, 252, 403, 429, 259, 33, 403, 203, 58, 394, 58, 19, 252, 403, 13, 248, 33, 403, 203, 33, 248, 369, 56, 19, 396, 259, 35, 192, 403, 273, 203, 161, 125, 58, 33, 369, 252, 203, 290, 33, 203, 58, 19, 252, 403, 58, 33, 369, 203, 248, 125, 203, 248, 125, 429, 403, 146, 248, 33, 259, 33, 203, 13, 429, 125, 203, 290, 125, 369, 68, 203, 252, 203, 17, 384, 424, 206, 203, 290, 73, 259, 33, 273, 203, 341, 394, 203, 56, 68, 290, 203, 248, 125, 58, 33, 369, 252, 94, 203, 429, 394, 369, 394, 131, 73, 203, 131, 33, 125, 13, 394, 290, 394, 146, 35, 203, 259, 56, 335, 19, 125, 203, 248, 33, 35, 203, 248, 33, 403, 203, 394, 252, 248, 125, 35, 252, 125, 273, 341, 394, 290, 33, 143, 203, 131, 369, 252, 403, 429, 259, 33, 403, 203, 58, 394, 58, 19, 252, 403, 13, 248, 33, 403, 203, 33, 248, 369, 56, 19, 396, 259, 35, 192, 403, 273, 203, 161, 125, 58, 33, 369, 252, 203, 290, 33, 203, 58, 19, 252, 403, 58, 33, 369, 203, 248, 125, 203, 248, 125, 429, 403, 146, 248, 33, 259, 33, 203, 13, 429, 125, 203, 290, 125, 369, 68, 203, 252, 203, 17, 384, 424, 206, 203, 290, 73, 259, 33, 273, 203, 341, 394, 203, 56, 68, 290, 203, 248, 125, 58, 33, 369, 252, 94, 203, 429, 394, 369, 394, 131, 73, 203, 131, 33, 125, 13, 394, 290, 394, 146, 35, 203, 259, 56, 335, 19, 125, 203, 248, 33, 35, 203, 248, 33, 403, 203, 394, 252, 248, 125, 35, 252, 125, 273, 341, 394, 290, 33, 143, 203, 131, 369, 252, 403, 429, 259, 33, 403, 203, 58, 394, 58, 19, 252, 403, 13, 248, 33, 403, 203, 33, 248, 369, 56, 19, 396, 259, 35, 192, 403, 273, 203, 161, 125, 58, 33, 369, 252, 203, 290, 33, 203, 58, 19, 252, 403, 58, 33, 369, 203, 248, 125, 203, 248, 125, 429, 403, 146, 248, 33, 259, 33, 203, 13, 429, 125, 203, 290, 125, 369, 68, 203, 252, 203, 17, 384, 424, 206, 203, 290, 73, 259, 33, 273, 203, 341, 394, 203, 56, 68, 290, 203, 248, 125, 58, 33, 369, 252, 94, 203, 429, 394, 369, 394, 131, 73, 203, 131, 33, 125, 13, 394, 290, 394, 146, 35, 203, 259, 56, 335, 19, 125, 203, 248, 33, 35, 203, 248, 33, 403, 203, 394, 252, 248, 125, 35, 252, 125, 273, 203, 349, 252, 403, 369, 35, 203, 35, 252, 429, 394, 131, 33, 403, 259, 396, 187, 203, 290, 125, 290, 203, 248, 125, 13, 252, 33, 403, 192, 403, 203, 252, 403, 203, 369, 33, 403, 203, 248, 125, 203, 290, 248, 33, 403, 203, 248, 33, 403, 203, 252, 13, 403, 248, 403, 19, 131, 396, 192, 403, 369, 252, 203, 192, 125, 259, 203, 131, 58, 19, 394, 131, 125, 13, 252, 403, 203, 56, 396, 203, 229, 125, 190, 125, 248, 369, 35, 33, 403, 56, 68, 369, 33, 403, 35, 68, 203, 248, 33, 403, 58, 394, 56, 19, 252, 403, 190, 248, 68, 35, 229, 203, 252, 248, 125, 259, 394, 131, 203, 56, 68, 429, 259, 394, 203, 13, 429, 125, 56, 403, 206, 394, 203, 252, 403, 190, 68, 203, 56, 131, 394, 192, 403, 203, 20, 261, 203, 369, 259, 125, 369, 394, 131, 125, 429, 394, 203, 35, 33, 403, 203, 252, 190, 68, 56, 203, 13, 396, 252, 394, 203, 252, 125, 203, 56, 394, 203, 252, 403, 190, 68, 369, 203, 252, 203, 429, 403, 248, 33, 369, 56, 131, 125, 203, 56, 394, 203, 56, 68, 429, 259, 394, 203, 56, 125, 290, 203, 58, 19, 252, 403, 259, 429, 403, 33, 429, 273, 203, 158, 403, 369, 429, 33, 203, 252, 125, 290, 33, 125, 369, 56, 203, 56, 403, 206, 394, 203, 58, 394, 259, 290, 33, 248, 33, 369, 252, 203, 369, 125, 290, 187, 203, 125, 429, 190, 394, 203, 369, 259, 394, 19, 252, 68, 369, 56, 125, 369, 252, 203, 252, 203, 20, 261, 203, 125, 429, 403, 203, 248, 33, 403, 203, 131, 203, 429, 403, 248, 33, 131, 68, 203, 394, 190, 19, 252, 68, 13, 429, 33, 131, 68, 203, 369, 58, 394, 369, 394, 190, 203, 56, 394, 203, 369, 33, 403, 203, 290, 394, 252, 403, 203, 35, 252, 403, 206, 394, 369, 203, 248, 125, 396, 35, 252, 68, 369, 252, 273, 203, 266, 245, 20, 61, 20, 203, 56, 394, 203, 161, 366, 427, 219, 345, 17, 425, 380, 403, 38, 425, 225, 25, 77, 38, 384, 403, 380, 77, 25, 35, 116, 38, 77, 125, 13, 125, 63, 77, 190, 38, 125, 380, 380, 35, 125, 125, 38, 25, 25, 425, 97, 187, 203, 131, 259, 429, 403, 192, 403, 203, 56, 394, 203, 192, 403, 369, 252, 35, 252, 403, 203, 380, 63, 203, 19, 125, 252, 68, 203, 190, 394, 203, 248, 33, 403, 203, 35, 229, 35, 403, 203, 290, 33, 203, 369, 33, 403, 203, 56, 396, 203, 131, 19, 252, 396, 35, 125, 35, 203, 56, 19, 68, 429, 394, 206, 33, 33, 203, 120, 33, 403, 248, 259, 33, 403, 131, 33, 35, 252, 125, 112, 203, 112, 341